Best path: 1 10 4 9 6 5 8 3 2 7 
Total energy: 207 kWh
T_comp: 0.002736 s
T_init: 0.014760 s
T_total: 0.017496 s
