Best path: 1 4 2 3 
Total energy: 105 kWh
T_comp: 0.006316 s
T_init: 0.000372 s
T_total: 0.006688 s
