Best path: 1 4 6 5 2 3 
Total energy: 124 kWh
T_comp: 0.000924 s
T_init: 0.000345 s
T_total: 0.001269 s
