Best path: 1 4 5 2 3 
Total energy: 115 kWh
T_comp: 0.001118 s
T_init: 0.000182 s
T_total: 0.001300 s
