Best path: 1 4 6 5 2 3 
Total energy: 124 kWh
T_comp: 0.007833 s
T_init: 0.001287 s
T_total: 0.009120 s
