Best path: 1 4 5 2 3 
Total energy: 115 kWh
T_comp: 0.001286 s
T_init: 0.000443 s
T_total: 0.001729 s
