Best path: 1 4 5 2 3 
Total energy: 115 kWh
T_comp: 0.001156 s
T_init: 0.000409 s
T_total: 0.001565 s
