Best path: 1 4 5 2 3 
Total energy: 115 kWh
T_comp: 0.007132 s
T_init: 0.000201 s
T_total: 0.007333 s
