Best path: 1 4 2 3 
Total energy: 105 kWh
T_comp: 0.001103 s
T_init: 0.000218 s
T_total: 0.001321 s
