Best path: 1 4 6 5 2 3 
Total energy: 124 kWh
T_comp: 0.001160 s
T_init: 0.005964 s
T_total: 0.007124 s
