Best path: 1 4 5 2 3 
Total energy: 115 kWh
T_comp: 0.000932 s
T_init: 0.000197 s
T_total: 0.001129 s
