Best path: 1 4 9 6 5 8 3 2 7 
Total energy: 171 kWh
T_comp: 0.000881 s
T_init: 0.001104 s
T_total: 0.001985 s
