Best path: 1 4 6 5 8 3 2 7 
Total energy: 155 kWh
T_comp: 0.000312 s
T_init: 0.000998 s
T_total: 0.001310 s
