Best path: 1 4 2 3 
Total energy: 105 kWh
T_comp: 0.000364 s
T_init: 0.000223 s
T_total: 0.000587 s
