Best path: 1 4 2 3 
Total energy: 105 kWh
T_comp: 0.005151 s
T_init: 0.000115 s
T_total: 0.005266 s
