Best path: 1 4 6 5 8 3 2 7 
Total energy: 155 kWh
T_comp: 0.000135 s
T_init: 0.000114 s
T_total: 0.000249 s
