Best path: 1 4 2 3 
Total energy: 105 kWh
T_comp: 0.000145 s
T_init: 0.000335 s
T_total: 0.000480 s
