Best path: 1 4 6 5 8 3 2 7 
Total energy: 155 kWh
T_comp: 0.000161 s
T_init: 0.000225 s
T_total: 0.000386 s
