Best path: 1 4 9 6 5 8 3 2 7 
Total energy: 171 kWh
T_comp: 0.007518 s
T_init: 0.000373 s
T_total: 0.007891 s
