Best path: 1 4 6 5 8 3 2 7 
Total energy: 155 kWh
T_comp: 0.000072 s
T_init: 0.000111 s
T_total: 0.000183 s
