Best path: 1 4 6 5 2 3 
Total energy: 124 kWh
T_comp: 0.000032 s
T_init: 0.000188 s
T_total: 0.000220 s
