Best path: 1 4 6 5 8 3 2 7 
Total energy: 155 kWh
T_comp: 0.000157 s
T_init: 0.000794 s
T_total: 0.000951 s
