Best path: 1 4 5 2 3 
Total energy: 115 kWh
T_comp: 0.000026 s
T_init: 0.001925 s
T_total: 0.001951 s
