Best path: 1 4 6 5 3 2 7 
Total energy: 145 kWh
T_comp: 0.000045 s
T_init: 0.000504 s
T_total: 0.000549 s
