Best path: 1 4 5 2 3 
Total energy: 115 kWh
T_comp: 0.000659 s
T_init: 0.000515 s
T_total: 0.001174 s
