Best path: 1 2 3 5 6 4 
Total energy: 124 kWh
T_comp: 0.000003 s
T_init: 0.275655 s
T_total: 0.275658 s
