Best path: 1 4 5 2 3 
Total energy: 115 kWh
T_comp: 0.000002 s
T_init: 0.252191 s
T_total: 0.252193 s
