Best path: 1 4 6 5 2 3 
Total energy: 124 kWh
T_comp: 0.000004 s
T_init: 0.267910 s
T_total: 0.267914 s
