Best path: 1 4 2 3 
Total energy: 105 kWh
T_comp: 0.000001 s
T_init: 0.261080 s
T_total: 0.261081 s
