Best path: 1 4 6 5 8 3 2 7 
Total energy: 155 kWh
T_comp: 0.000063 s
T_init: 0.279603 s
T_total: 0.279666 s
