Best path: 1 10 4 9 6 5 8 3 2 7 
Total energy: 207 kWh
T_comp: 0.002174 s
T_init: 0.255931 s
T_total: 0.258105 s
