Best path: 1 4 5 2 3 
Total energy: 115 kWh
T_comp: 0.000001 s
T_init: 0.304270 s
T_total: 0.304271 s
