Best path: 1 4 9 6 5 8 3 2 7 
Total energy: 171 kWh
T_comp: 0.000266 s
T_init: 0.336812 s
T_total: 0.337078 s
