Best path: 1 4 5 2 3 
Total energy: 115 kWh
T_comp: 0.003783 s
T_init: 0.000253 s
T_total: 0.004036 s
