Best path: 1 10 4 9 6 5 8 3 2 7 
Total energy: 207 kWh
T_comp: 0.004345 s
T_init: 0.000126 s
T_total: 0.004471 s
