Best path: 1 4 6 5 8 3 2 7 
Total energy: 155 kWh
T_comp: 0.000532 s
T_init: 0.000246 s
T_total: 0.000778 s
