Best path: 1 4 2 3 
Total energy: 105 kWh
T_comp: 0.002516 s
T_init: 0.000189 s
T_total: 0.002705 s
