Best path: 1 4 2 3 
Total energy: 105 kWh
T_comp: 0.003474 s
T_init: 0.000109 s
T_total: 0.003583 s
