Best path: 1 4 5 2 3 
Total energy: 115 kWh
T_comp: 0.006945 s
T_init: 0.000165 s
T_total: 0.007110 s
