Best path: 1 4 2 3 
Total energy: 105 kWh
T_comp: 0.000413 s
T_init: 0.000205 s
T_total: 0.000618 s
