Best path: 1 4 5 2 3 
Total energy: 115 kWh
T_comp: 0.007737 s
T_init: 0.000160 s
T_total: 0.007897 s
