Best path: 1 4 5 2 3 
Total energy: 115 kWh
T_comp: 0.000435 s
T_init: 0.000267 s
T_total: 0.000702 s
