Best path: 1 4 6 5 2 3 
Total energy: 124 kWh
T_comp: 0.003506 s
T_init: 0.000181 s
T_total: 0.003687 s
