Best path: 1 4 9 6 5 8 3 2 7 
Total energy: 171 kWh
T_comp: 0.008968 s
T_init: 0.004939 s
T_total: 0.013907 s
