Best path: 1 4 5 2 3 
Total energy: 115 kWh
T_comp: 0.003767 s
T_init: 0.000183 s
T_total: 0.003950 s
