Best path: 1 4 2 3 
Total energy: 105 kWh
T_comp: 0.007130 s
T_init: 0.000598 s
T_total: 0.007728 s
