Best path: 1 4 5 2 3 
Total energy: 115 kWh
T_comp: 0.002079 s
T_init: 0.000680 s
T_total: 0.002759 s
