Best path: 1 4 2 3 
Total energy: 105 kWh
T_comp: 0.003910 s
T_init: 0.000246 s
T_total: 0.004156 s
