Best path: 1 4 6 5 2 3 
Total energy: 124 kWh
T_comp: 0.003343 s
T_init: 0.000698 s
T_total: 0.004041 s
