Best path: 1 4 6 5 2 3 
Total energy: 124 kWh
T_comp: 0.000456 s
T_init: 0.000210 s
T_total: 0.000666 s
