Best path: 1 10 4 9 6 5 8 3 2 7 
Total energy: 207 kWh
T_comp: 0.004497 s
T_init: 0.000135 s
T_total: 0.004632 s
