Best path: 1 4 9 6 5 8 3 2 7 
Total energy: 171 kWh
T_comp: 0.000187 s
T_init: 0.360371 s
T_total: 0.360558 s
