Best path: 1 4 6 5 8 3 2 7 
Total energy: 155 kWh
T_comp: 0.000046 s
T_init: 0.344787 s
T_total: 0.344833 s
