Best path: 1 4 6 5 2 3 
Total energy: 124 kWh
T_comp: 0.000001 s
T_init: 0.835124 s
T_total: 0.835125 s
