Best path: 1 10 4 9 6 5 8 3 2 7 
Total energy: 207 kWh
T_comp: 0.000966 s
T_init: 0.849101 s
T_total: 0.850067 s
