Best path: 1 4 2 3 
Total energy: 105 kWh
T_comp: 0.000002 s
T_init: 0.544073 s
T_total: 0.544075 s
