Best path: 1 4 9 6 5 8 3 2 7 
Total energy: 171 kWh
T_comp: 0.000117 s
T_init: 0.529288 s
T_total: 0.529405 s
