Best path: 1 4 5 2 3 
Total energy: 115 kWh
T_comp: 0.000002 s
T_init: 0.433207 s
T_total: 0.433209 s
