Best path: 1 10 4 9 6 5 8 3 2 7 
Total energy: 207 kWh
T_comp: 0.001003 s
T_init: 0.448525 s
T_total: 0.449528 s
